
Motif-1

A:	0	0	1	0	0	0	0	0	1	0	0	0	0	0
T:	0	0	0	0	0	0	0	1	0	0	0	0	0	1
C:	1	0	0	1	1	0	1	0	0	0	1	1	1	0
G:	0	1	0	0	0	1	0	0	0	1	0	0	0	0

Motif-2

A:	0	0	0	0	0.5	1	0.5	0	0	0	0	0.5	0	0
T:	1	1	0	1	0.5	0	0	0	0.5	1	1	0	1	1
C:	0	0	1	0	0	0	0	1	0.5	0	0	0	0	0
G:	0	0	0	0	0	0	0.5	0	0	0	0	0.5	0	0

Motif-3

A:	0	0	1	0	0	0	0.333333333333333	0.166666666666667	0	0	1	0.833333333333333	0.166666666666667	0
T:	0	1	0	0	0	0.166666666666667	0	0.666666666666667	0.166666666666667	0	0	0.166666666666667	0.333333333333333	0
C:	1	0	0	0	1	0.166666666666667	0.166666666666667	0	0.833333333333333	0	0	0	0	0.5
G:	0	0	0	1	0	0.666666666666667	0.5	0.166666666666667	0	1	0	0	0.5	0.5
